US-1903139290-A|19030116|19030908|19030908|19030116
US-1902130110-A|19021104|19030915|19030915|19021104
US-1903140766-A|19030127|19030915|19030915|19030127
US-1903141374-A|19030131|19031006|19031006|19030131
US-1902133340-A|19021201|19031027|19031027|19021201
US-74242D-A|0|18680211|18680211|0
US-1902128080-A|19021020|19031110|19031110|19021020
US-1903162944-A|19030624|19031117|19031117|19030624
US-1903150345-A|19030331|19031124|19031124|19030331
US-1903138450-A|19030110|19031201|19031201|19030110
US-1902120472-A|19020821|19031201|19031201|19020821
US-1903167350-A|19030728|19031208|19031208|19030728
US-1903156327-A|19030509|19031229|19031229|19030509
US-74846D-A|0|18680225|18680225|0
US-748710D-A|0|19040105|19040105|0
US-749564D-A|0|19040112|19040112|0
US-749797D-A|0|19040119|19040119|0
US-751176D-A|0|19040202|19040202|0
US-751467D-A|0|19040209|19040209|0
US-751603D-A|0|19040209|19040209|0
US-752416D-A|0|19040216|19040216|0
US-75266D-A|0|18680310|18680310|0
US-75649D-A|0|18680317|18680317|0
US-1903179465-A|19031102|19040405|19040405|19031102
US-1903169296-A|19031208|19040419|19040419|19031208
US-1904187618-A|19040104|19040419|19040419|19040104
US-75800D-A|0|18680324|18680324|0
US-1902115576-A|19020714|19040426|19040426|19020714
US-1903141778-A|19030203|19040426|19040426|19030203
US-1903144651-A|19030224|19040510|19040510|19030224
US-1902122785-A|19020910|19040510|19040510|19020910
US-760532D-A|0|19040524|19040524|0
US-1904188180-A|19040108|19040524|19040524|19040108
US-76073D-A|0|18680331|18680331|0
US-1902089610-A|19020113|19040607|19040607|19020113
US-1903170093-A|19030819|19040621|19040621|19030819
US-1903160392-A|19030606|19040705|19040705|19030606
US-1903176985-A|19031014|19040802|19040802|19031014
US-1903140457-A|19030126|19040816|19040816|19030126
US-1903155136-A|19030501|19040816|19040816|19030501
US-1903145776-A|19030302|19040830|19040830|19030302
US-1903180333-A|19031109|19040830|19040830|19031109
US-1904193513-A|19040215|19040920|19040920|19040215
US-1904212166-A|19040611|19041011|19041011|19040611
US-1903145158-A|19030226|19041115|19041115|19030226
US-1903184873-A|19031212|19041122|19041122|19031212
US-1904216632-A|19040715|19041122|19041122|19040715
US-1901050064-A|19010306|19041129|19041129|19010306
US-1904209495-A|19040524|19041220|19041220|19040524
US-1903185154-A|19031214|19041227|19041227|19031214
US-1904207578-A|19040512|19050103|19050103|19040512
US-1904201695-A|19040405|19050117|19050117|19040405
US-1904236814-A|19041214|19050221|19050221|19041214
US-78471D-A|0|18680602|18680602|0
US-1904223641-A|19040907|19050321|19050321|19040907
US-1904212104-A|19040611|19050328|19050328|19040611
US-78623D-A|0|18680602|18680602|0
US-1904210850-A|19040602|19050411|19050411|19040602
US-1903163460-A|19030629|19050418|19050418|19030629
US-1904234227-A|19041125|19050425|19050425|19041125
US-1904236940-A|19041215|19050502|19050502|19041215
US-1904234916-A|19041130|19050509|19050509|19041130
US-1903181616-A|19031118|19050509|19050509|19031118
US-1904216976-A|19040718|19050523|19050523|19040718
US-1903142034-A|19030205|19050606|19050606|19030205
US-1905223402-A|19050906|19050606|19050606|19050906
US-1904235127-A|19041201|19050613|19050613|19041201
US-1905241654-A|19050118|19050711|19050711|19050118
US-1905250743-A|19050318|19050718|19050718|19050318
US-1904233272-A|19041118|19050718|19050718|19041118
US-79569D-A|0|18680707|18680707|0
US-1905245755-A|19050215|19050801|19050801|19050215
US-79634D-A|0|18680707|18680707|0
US-1904212005-A|19040610|19050815|19050815|19040610
US-1904239214-A|19041231|19050829|19050829|19041231
US-1902112677-A|19020621|19051003|19051003|19020621
US-1905265923-A|19050619|19051010|19051010|19050619
US-1905263402-A|19050602|19051017|19051017|19050602
US-1903171169-A|19030829|19051024|19051024|19030829
US-80316D-A|0|18680728|18680728|0
US-1905245923-A|19050216|19051031|19051031|19050216
US-1905241791-A|19050119|19051107|19051107|19050119
US-1905252434-A|19050327|19051212|19051212|19050327
US-1905240993-A|19050114|19051219|19051219|19050114
US-1905257243-A|19050424|19051219|19051219|19050424
US-1905259081-A|19050506|19060123|19060123|19050506
US-81162D-A|0|18680818|18680818|0
US-1905284416-A|19051026|19060213|19060213|19051026
US-1904209645-A|19040525|19060213|19060213|19040525
US-1905241097-A|19050114|19060220|19060220|19050114
US-1905275830-A|19050825|19060227|19060227|19050825
US-81517D-A|0|18680825|18680825|0
US-1904235504-A|19041205|19060501|19060501|19041205
US-1904227421-A|19041006|19060515|19060515|19041006
US-1905258116-A|19050429|19060522|19060522|19050429
US-1906310624-A|19060409|19060619|19060619|19060409
US-82681D-A|0|18681006|18681006|0
US-1905254836-A|19050410|19060724|19060724|19050410
US-8268D-A|0|18510805|18510805|0
US-1904211636-A|19040708|19060724|19060724|19040708
